1 B 61.000000 5 0.500000 8 0.000 0 
2 B 61.000000 5 0.500000 8 0.000 0 
3 B 61.000000 5 0.500000 8 0.000 0 
4 B 61.000000 5 0.500000 8 0.000 0 
5 B 61.000000 5 0.500000 8 0.000 0 
6 B 61.000000 5 0.500000 8 0.000 0 
7 B 61.000000 5 0.500000 8 0.000 0 
8 B 61.000000 5 0.500000 8 0.000 0 
9 B 61.000000 5 0.500000 8 0.600 0 
10 B 61.000000 5 0.500000 8 1.200 0 
11 B 61.000000 5 0.500000 8 1.800 0 
12 B 61.000000 5 0.500000 8 2.400 0 
13 B 61.000000 5 0.500000 8 3.000 0 
14 B 61.000000 5 0.500000 8 3.600 0 
15 B 61.000000 5 0.500000 8 4.200 0 
Kerek csere
16 C 62.000000 15 0.100000 15 0.000 15 
17 C 62.000000 15 0.100000 15 0.000 15 
18 C 62.000000 15 0.100000 15 0.000 15 
19 C 62.000000 15 0.100000 15 0.000 15 
20 C 62.000000 15 0.100000 15 0.000 15 
21 C 62.000000 15 0.100000 15 0.000 15 
22 C 62.000000 15 0.100000 15 0.000 15 
23 C 62.000000 15 0.100000 15 0.000 15 
24 C 62.000000 15 0.100000 15 0.000 15 
25 C 62.000000 15 0.100000 15 0.000 15 
26 C 62.000000 15 0.100000 15 0.000 15 
27 C 62.000000 15 0.100000 15 0.000 15 
28 C 62.000000 15 0.100000 15 0.000 15 
29 C 62.000000 15 0.100000 15 0.000 15 
30 C 62.000000 15 0.100000 15 0.000 15 
31 C 62.000000 15 0.100000 15 0.200 15 
32 C 62.000000 15 0.100000 15 0.400 15 
33 C 62.000000 15 0.100000 15 0.600 15 
34 C 62.000000 15 0.100000 15 0.800 15 
35 C 62.000000 15 0.100000 15 1.000 15 
36 C 62.000000 15 0.100000 15 1.200 15 
37 C 62.000000 15 0.100000 15 1.400 15 
38 C 62.000000 15 0.100000 15 1.600 15 
39 C 62.000000 15 0.100000 15 1.800 15 
40 C 62.000000 15 0.100000 15 2.000 15 
41 C 62.000000 15 0.100000 15 2.200 15 
42 C 62.000000 15 0.100000 15 2.400 15 
43 C 62.000000 15 0.100000 15 2.600 15 
44 C 62.000000 15 0.100000 15 2.800 15 
45 C 62.000000 15 0.100000 15 3.000 15 
46 C 62.000000 15 0.100000 15 3.200 15 
47 C 62.000000 15 0.100000 15 3.400 15 
48 C 62.000000 15 0.100000 15 3.600 15 
49 C 62.000000 15 0.100000 15 3.800 15 
50 C 62.000000 15 0.100000 15 4.000 15 
Kerek csere
51 A 60.000000 3 1.000000 5 0.000 50 
52 A 60.000000 3 1.000000 5 0.000 50 
53 A 60.000000 3 1.000000 5 0.000 50 
54 A 60.000000 3 1.000000 5 0.000 50 
55 A 60.000000 3 1.000000 5 0.000 50 
56 A 60.000000 3 1.000000 5 1.000 50 
57 A 60.000000 3 1.000000 5 2.000 50 
58 A 60.000000 3 1.000000 5 3.000 50 
59 A 60.000000 3 1.000000 5 4.000 50 
60 A 60.000000 3 1.000000 5 5.000 50 
3823.900
